-1.00000000 -0.24491866
-0.97979798 -0.24016527
-0.95959596 -0.23540034
-0.93939394 -0.23062406
-0.91919192 -0.22583664
-0.89898990 -0.22103829
-0.87878788 -0.21622922
-0.85858586 -0.21140963
-0.83838384 -0.20657973
-0.81818182 -0.20173975
-0.79797980 -0.19688990
-0.77777778 -0.19203039
-0.75757576 -0.18716144
-0.73737374 -0.18228328
-0.71717172 -0.17739613
-0.69696970 -0.17250022
-0.67676768 -0.16759577
-0.65656566 -0.16268301
-0.63636364 -0.15776217
-0.61616162 -0.15283348
-0.59595960 -0.14789718
-0.57575758 -0.14295349
-0.55555556 -0.13800267
-0.53535354 -0.13304493
-0.51515152 -0.12808053
-0.49494949 -0.12310971
-0.47474747 -0.11813269
-0.45454545 -0.11314974
-0.43434343 -0.10816109
-0.41414141 -0.10316698
-0.39393939 -0.09816767
-0.37373737 -0.09316340
-0.35353535 -0.08815441
-0.33333333 -0.08314097
-0.31313131 -0.07812331
-0.29292929 -0.07310169
-0.27272727 -0.06807636
-0.25252525 -0.06304758
-0.23232323 -0.05801559
-0.21212121 -0.05298065
-0.19191919 -0.04794301
-0.17171717 -0.04290294
-0.15151515 -0.03786068
-0.13131313 -0.03281649
-0.11111111 -0.02777064
-0.09090909 -0.02272336
-0.07070707 -0.01767493
-0.05050505 -0.01262559
-0.03030303 -0.00757561
-0.01010101 -0.00252525
0.01010101 0.00252525
0.03030303 0.00757561
0.05050505 0.01262559
0.07070707 0.01767493
0.09090909 0.02272336
0.11111111 0.02777064
0.13131313 0.03281649
0.15151515 0.03786068
0.17171717 0.04290294
0.19191919 0.04794301
0.21212121 0.05298065
0.23232323 0.05801559
0.25252525 0.06304758
0.27272727 0.06807636
0.29292929 0.07310169
0.31313131 0.07812331
0.33333333 0.08314097
0.35353535 0.08815441
0.37373737 0.09316340
0.39393939 0.09816767
0.41414141 0.10316698
0.43434343 0.10816109
0.45454545 0.11314974
0.47474747 0.11813269
0.49494949 0.12310971
0.51515152 0.12808053
0.53535354 0.13304493
0.55555556 0.13800267
0.57575758 0.14295349
0.59595960 0.14789718
0.61616162 0.15283348
0.63636364 0.15776217
0.65656566 0.16268301
0.67676768 0.16759577
0.69696970 0.17250022
0.71717172 0.17739613
0.73737374 0.18228328
0.75757576 0.18716144
0.77777778 0.19203039
0.79797980 0.19688990
0.81818182 0.20173975
0.83838384 0.20657973
0.85858586 0.21140963
0.87878788 0.21622922
0.89898990 0.22103829
0.91919192 0.22583664
0.93939394 0.23062406
0.95959596 0.23540034
0.97979798 0.24016527
1.00000000 0.24491866
